{
 "cells": [
  {
   "cell_type": "markdown",
   "metadata": {},
   "source": [
    "# Non-Graded Challenge 4 Matrix\n",
    "Wirawan Setio Aji <br>\n",
    "Batch014\n",
    "\n",
    "## Soal\n",
    "1. Membuat tensor seperti : [[[23 ,50],[7 ,12]],[[57 ,67],[99,43]],[[75, 21],[57,12]],[[87,26],[18,84]]]\n",
    "2. ProblemsHacktiv8 DS Curriculum Team2. Lakukan perkalian terhadap matrix berikut: \n",
    "    - A [[23,50,19],[7,12,109],[57,67,98]]\n",
    "    - B [[17],[22],[19]] \n",
    "3. Diketahui A =[[23,50,19],[7,12,109],[59,67,98]]\n",
    "    - Transpose\n",
    "    - Determinant\n",
    "    - Inverse"
   ]
  },
  {
   "cell_type": "markdown",
   "metadata": {},
   "source": [
    "## import library \n",
    "kali ini menggunakan Numpy"
   ]
  },
  {
   "cell_type": "code",
   "execution_count": 1,
   "metadata": {},
   "outputs": [],
   "source": [
    "import numpy as np"
   ]
  },
  {
   "cell_type": "markdown",
   "metadata": {},
   "source": [
    "## Jawaban"
   ]
  },
  {
   "cell_type": "markdown",
   "metadata": {},
   "source": [
    "**jawab Nomor 1**"
   ]
  },
  {
   "cell_type": "code",
   "execution_count": 3,
   "metadata": {},
   "outputs": [
    {
     "data": {
      "text/plain": [
       "array([[[23, 50],\n",
       "        [ 7, 12]],\n",
       "\n",
       "       [[57, 67],\n",
       "        [99, 43]],\n",
       "\n",
       "       [[75, 21],\n",
       "        [57, 12]],\n",
       "\n",
       "       [[87, 26],\n",
       "        [18, 84]]])"
      ]
     },
     "execution_count": 3,
     "metadata": {},
     "output_type": "execute_result"
    }
   ],
   "source": [
    "# arrays [[[23 ,50],[7 ,12]],[[57 ,67],[99,43]],[[75, 21],[57,12]],[[87,26],[18,84]]]\n",
    "M1 = np.array([[23 ,50],[7 ,12]])\n",
    "M2 = np.array([[57 ,67],[99,43]])\n",
    "M3 = np.array([[75, 21],[57,12]])\n",
    "M4 = np.array([[87,26],[18,84]])\n",
    "\n",
    "# membuat Tensor\n",
    "tensor3d = np.array([M1,M2,M3,M4])\n",
    "tensor3d"
   ]
  },
  {
   "cell_type": "markdown",
   "metadata": {},
   "source": [
    "**Jawaban No.2**"
   ]
  },
  {
   "cell_type": "code",
   "execution_count": 11,
   "metadata": {},
   "outputs": [
    {
     "name": "stdout",
     "output_type": "stream",
     "text": [
      "[[17]\n",
      " [22]\n",
      " [19]]\n"
     ]
    },
    {
     "data": {
      "text/plain": [
       "array([[1852],\n",
       "       [2454],\n",
       "       [4305]])"
      ]
     },
     "execution_count": 11,
     "metadata": {},
     "output_type": "execute_result"
    }
   ],
   "source": [
    "A = np.array([[23,50,19],[7,12,109],[57,67,98]])\n",
    "B = np.array([[17],[22],[19]])\n",
    "print(B)\n",
    "A@B"
   ]
  },
  {
   "cell_type": "markdown",
   "metadata": {},
   "source": [
    "**Soal No.3**"
   ]
  },
  {
   "cell_type": "code",
   "execution_count": 14,
   "metadata": {},
   "outputs": [
    {
     "data": {
      "text/plain": [
       "array([[ 23,  50,  19],\n",
       "       [  7,  12, 109],\n",
       "       [ 59,  67,  98]])"
      ]
     },
     "execution_count": 14,
     "metadata": {},
     "output_type": "execute_result"
    }
   ],
   "source": [
    "A = np.array([[23,50,19],[7,12,109],[59,67,98]])\n",
    "A"
   ]
  },
  {
   "cell_type": "markdown",
   "metadata": {},
   "source": [
    "- Transpose"
   ]
  },
  {
   "cell_type": "code",
   "execution_count": 13,
   "metadata": {},
   "outputs": [
    {
     "data": {
      "text/plain": [
       "array([[ 23,   7,  59],\n",
       "       [ 50,  12,  67],\n",
       "       [ 19, 109,  98]])"
      ]
     },
     "execution_count": 13,
     "metadata": {},
     "output_type": "execute_result"
    }
   ],
   "source": [
    "A.T"
   ]
  },
  {
   "cell_type": "markdown",
   "metadata": {},
   "source": [
    "- Determinant"
   ]
  },
  {
   "cell_type": "code",
   "execution_count": 23,
   "metadata": {},
   "outputs": [
    {
     "data": {
      "text/plain": [
       "141787.99999999994"
      ]
     },
     "execution_count": 23,
     "metadata": {},
     "output_type": "execute_result"
    }
   ],
   "source": [
    "np.linalg.det(A)"
   ]
  },
  {
   "cell_type": "markdown",
   "metadata": {},
   "source": [
    "- Inverse"
   ]
  },
  {
   "cell_type": "code",
   "execution_count": 24,
   "metadata": {},
   "outputs": [
    {
     "data": {
      "text/plain": [
       "array([[-0.0432124 , -0.02558044,  0.03682963],\n",
       "       [ 0.04051824,  0.0079908 , -0.01674331],\n",
       "       [-0.00168562,  0.00993737, -0.00052191]])"
      ]
     },
     "execution_count": 24,
     "metadata": {},
     "output_type": "execute_result"
    }
   ],
   "source": [
    "A_i = np.linalg.inv(A)\n",
    "A_i"
   ]
  },
  {
   "cell_type": "code",
   "execution_count": 21,
   "metadata": {},
   "outputs": [
    {
     "data": {
      "text/plain": [
       "array([[1.00000000e+00, 0.00000000e+00, 4.85722573e-17],\n",
       "       [8.32667268e-17, 1.00000000e+00, 3.46944695e-17],\n",
       "       [2.77555756e-17, 0.00000000e+00, 1.00000000e+00]])"
      ]
     },
     "execution_count": 21,
     "metadata": {},
     "output_type": "execute_result"
    }
   ],
   "source": [
    "A @ A_i"
   ]
  },
  {
   "cell_type": "code",
   "execution_count": null,
   "metadata": {},
   "outputs": [],
   "source": []
  }
 ],
 "metadata": {
  "kernelspec": {
   "display_name": "Python 3.9.12 ('base')",
   "language": "python",
   "name": "python3"
  },
  "language_info": {
   "codemirror_mode": {
    "name": "ipython",
    "version": 3
   },
   "file_extension": ".py",
   "mimetype": "text/x-python",
   "name": "python",
   "nbconvert_exporter": "python",
   "pygments_lexer": "ipython3",
   "version": "3.9.12"
  },
  "orig_nbformat": 4,
  "vscode": {
   "interpreter": {
    "hash": "3c49ca66e5c8d57ef998acbc4445fda8afa39543d611cccca4a6c099a23fcb0b"
   }
  }
 },
 "nbformat": 4,
 "nbformat_minor": 2
}
